1002 501
1 2 3 4 5 6
7 8 9 10 11 12
13 14 15 16 17 18
19 20 21 22 23 24
25 26 27 28 29 30
31 32 33 34 35 36
37 38 39 40 41 42
43 44 45 46 47 48
49 50 51 52 53 54
55 56 57 58 59 60
61 62 63 64 65 66
67 68 69 70 71 72
73 74 75 76 77 78
79 80 81 82 83 84
85 86 87 88 89 90
91 92 93 94 95 96
97 98 99 100 101 102
103 104 105 106 107 108
109 110 111 112 113 114
115 116 117 118 119 120
121 122 123 124 125 126
127 128 129 130 131 132
133 134 135 136 137 138
139 140 141 142 143 144
145 146 147 148 149 150
151 152 153 154 155 156
157 158 159 160 161 162
163 164 165 166 167 168
169 170 171 172 173 174
175 176 177 178 179 180
181 182 183 184 185 186
187 188 189 190 191 192
193 194 195 196 197 198
199 200 201 202 203 204
205 206 207 208 209 210
211 212 213 214 215 216
217 218 219 220 221 222
223 224 225 226 227 228
229 230 231 232 233 234
235 236 237 238 239 240
241 242 243 244 245 246
247 248 249 250 251 252
253 254 255 256 257 258
259 260 261 262 263 264
265 266 267 268 269 270
271 272 273 274 275 276
277 278 279 280 281 282
283 284 285 286 287 288
289 290 291 292 293 294
295 296 297 298 299 300
301 302 303 304 305 306
307 308 309 310 311 312
313 314 315 316 317 318
319 320 321 322 323 324
325 326 327 328 329 330
331 332 333 334 335 336
337 338 339 340 341 342
343 344 345 346 347 348
349 350 351 352 353 354
355 356 357 358 359 360
361 362 363 364 365 366
367 368 369 370 371 372
373 374 375 376 377 378
379 380 381 382 383 384
385 386 387 388 389 390
391 392 393 394 395 396
397 398 399 400 401 402
403 404 405 406 407 408
409 410 411 412 413 414
415 416 417 418 419 420
421 422 423 424 425 426
427 428 429 430 431 432
433 434 435 436 437 438
439 440 441 442 443 444
445 446 447 448 449 450
451 452 453 454 455 456
457 458 459 460 461 462
463 464 465 466 467 468
469 470 471 472 473 474
475 476 477 478 479 480
481 482 483 484 485 486
487 488 489 490 491 492
493 494 495 496 497 498
499 500 501 502 503 504
505 506 507 508 509 510
511 512 513 514 515 516
517 518 519 520 521 522
523 524 525 526 527 528
529 530 531 532 533 534
535 536 537 538 539 540
541 542 543 544 545 546
547 548 549 550 551 552
553 554 555 556 557 558
559 560 561 562 563 564
565 566 567 568 569 570
571 572 573 574 575 576
577 578 579 580 581 582
583 584 585 586 587 588
589 590 591 592 593 594
595 596 597 598 599 600
601 602 603 604 605 606
607 608 609 610 611 612
613 614 615 616 617 618
619 620 621 622 623 624
625 626 627 628 629 630
631 632 633 634 635 636
637 638 639 640 641 642
643 644 645 646 647 648
649 650 651 652 653 654
655 656 657 658 659 660
661 662 663 664 665 666
667 668 669 670 671 672
673 674 675 676 677 678
679 680 681 682 683 684
685 686 687 688 689 690
691 692 693 694 695 696
697 698 699 700 701 702
703 704 705 706 707 708
709 710 711 712 713 714
715 716 717 718 719 720
721 722 723 724 725 726
727 728 729 730 731 732
733 734 735 736 737 738
739 740 741 742 743 744
745 746 747 748 749 750
751 752 753 754 755 756
757 758 759 760 761 762
763 764 765 766 767 768
769 770 771 772 773 774
775 776 777 778 779 780
781 782 783 784 785 786
787 788 789 790 791 792
793 794 795 796 797 798
799 800 801 802 803 804
805 806 807 808 809 810
811 812 813 814 815 816
817 818 819 820 821 822
823 824 825 826 827 828
829 830 831 832 833 834
835 836 837 838 839 840
841 842 843 844 845 846
847 848 849 850 851 852
853 854 855 856 857 858
859 860 861 862 863 864
865 866 867 868 869 870
871 872 873 874 875 876
877 878 879 880 881 882
883 884 885 886 887 888
889 890 891 892 893 894
895 896 897 898 899 900
901 902 903 904 905 906
907 908 909 910 911 912
913 914 915 916 917 918
919 920 921 922 923 924
925 926 927 928 929 930
931 932 933 934 935 936
937 938 939 940 941 942
943 944 945 946 947 948
949 950 951 952 953 954
955 956 957 958 959 960
961 962 963 964 965 966
967 968 969 970 971 972
973 974 975 976 977 978
979 980 981 982 983 984
985 986 987 988 989 990
991 992 993 994 995 996
997 998 999 1000 1001 1002
210 299 311 574 774 818
192 280 378 607 856 995
236 324 371 589 667 811
108 334 405 784 804 831
362 404 564 697 735 751
260 565 581 616 840 956
93 482 508 520 911 965
157 250 416 613 764 880
184 291 318 424 463 833
162 221 347 699 781 991
374 627 636 853 971 974
464 548 634 712 937 986
186 367 377 655 886 997
35 111 612 649 907 999
246 510 554 658 738 963
26 56 505 529 688 964
54 117 214 297 312 890
62 259 268 422 646 879
116 596 749 767 838 980
45 217 307 442 626 803
33 383 428 498 590 595
110 430 436 541 698 789
46 208 435 772 865 960
57 188 316 431 488 733
15 166 342 401 744 945
102 528 619 641 718 815
12 66 176 282 874 933
52 568 630 644 799 859
197 519 533 685 700 957
91 216 423 624 683 777
77 196 328 507 863 949
158 284 759 765 837 920
213 258 305 768 805 817
275 419 443 560 694 779
265 425 440 666 909 916
129 136 181 249 682 741
76 154 575 715 806 931
269 472 527 651 891 978
36 126 295 309 338 973
139 314 481 609 897 921
24 30 518 571 693 810
41 231 323 569 835 940
18 51 118 588 675 778
71 73 101 140 611 770
107 222 228 692 723 849
120 156 310 502 642 656
17 131 446 653 966 969
253 279 402 546 549 747
243 382 524 721 899 943
69 237 254 289 862 934
189 483 583 629 643 780
115 220 500 592 776 828
261 480 491 648 923 925
114 185 285 368 395 975
99 283 292 298 375 684
1 109 159 270 274 585
135 540 822 906 912 954
142 169 380 486 783 924
201 470 506 566 597 993
31 281 329 387 686 787
83 340 495 563 730 788
14 130 180 567 632 800
499 535 598 754 843 895
88 313 344 358 725 830
40 134 172 300 814 878
354 370 412 418 724 981
161 233 296 308 681 894
82 152 385 438 704 864
27 202 545 672 696 746
337 392 468 547 842 908
242 372 406 445 701 935
177 209 345 376 573 845
75 206 410 509 734 836
141 187 532 599 671 850
7 53 164 397 755 757
170 240 525 577 722 922
70 178 690 727 752 885
399 484 606 664 762 844
287 357 511 556 702 887
3 79 797 832 901 944
20 94 251 325 398 530
143 286 320 457 851 932
361 429 490 621 687 847
84 266 427 453 579 951
48 413 448 826 854 875
63 92 215 444 465 479
219 706 855 866 888 941
144 366 462 637 896 982
11 218 517 600 618 717
9 230 403 411 582 604
8 34 104 232 883 959
103 146 332 584 796 877
145 409 576 639 662 745
29 86 225 640 848 970
43 306 538 739 825 946
42 272 593 771 782 791
68 288 469 557 650 972
105 245 426 798 852 884
23 39 124 173 513 903
32 326 703 750 819 958
204 264 327 633 716 769
21 100 262 396 471 570
168 191 244 276 322 691
171 182 408 421 610 660
256 670 709 748 947 961
58 255 601 761 950 989
199 356 390 456 674 758
25 315 359 452 544 976
384 439 512 809 834 996
555 729 807 929 962 967
13 160 351 459 638 918
59 113 451 531 654 889
138 239 267 414 603 987
193 534 537 812 821 827
80 127 205 846 868 905
132 389 450 455 485 824
55 137 252 594 861 955
321 373 434 515 714 893
72 263 350 393 763 860
223 461 587 802 900 1002
6 61 317 705 736 904
212 278 339 489 526 813
67 89 128 386 420 743
123 330 333 558 869 902
5 38 150 433 663 732
561 622 657 695 870 876
65 148 293 447 665 708
466 478 487 521 647 710
119 224 364 678 829 939
203 379 493 572 753 968
95 290 475 645 737 808
112 175 365 760 872 913
37 494 536 858 938 1001
74 407 551 867 928 992
10 319 346 539 713 927
294 454 476 497 952 985
183 198 400 432 820 998
96 200 496 542 719 816
47 151 207 580 602 677
2 133 167 381 543 625
16 122 163 391 467 661
28 226 473 857 953 977
4 353 623 795 823 910
227 349 562 628 673 984
85 273 336 676 839 990
87 238 522 728 785 793
149 155 331 415 460 578
165 553 635 766 914 936
234 248 304 514 559 680
174 504 775 882 917 930
363 620 659 731 801 919
49 90 121 516 591 926
229 348 355 707 794 881
44 235 241 614 679 756
247 360 740 790 873 979
97 179 335 437 523 552
194 301 501 668 720 773
98 449 669 786 915 948
81 153 302 492 608 841
211 343 503 617 994 1000
60 369 394 689 742 792
106 303 352 388 711 988
78 125 477 631 726 983
19 50 147 441 550 892
64 257 277 474 586 898
271 341 458 615 652 942
22 190 195 417 605 871
95 391 412 508 595 884
136 207 235 258 333 387
200 517 631 740 804 892
208 300 547 857 861 974
58 314 426 474 780 840
270 325 371 727 800 935
79 227 275 612 652 870
30 389 593 601 856 970
414 489 730 774 850 915
145 411 752 778 816 907
153 348 440 548 566 703
4 525 530 540 698 926
115 342 594 898 923 948
40 99 173 425 522 732
292 518 636 770 784 887
26 69 169 420 735 885
133 162 423 509 749 763
10 125 609 669 736 995
19 171 185 363 713 990
43 501 550 748 810 858
56 64 184 332 487 567
626 670 686 699 805 883
237 323 494 503 659 962
245 357 521 737 848 909
104 267 370 572 927 938
3 218 253 448 559 886
305 664 725 968 986 996
86 261 331 507 718 779
23 195 213 428 614 724
71 194 341 385 459 757
57 296 410 531 672 969
384 542 607 830 929 964
80 188 212 541 706 879
100 160 565 585 823 971
105 157 376 637 668 912
287 398 409 638 750 806
72 114 130 202 468 876
83 415 620 635 760 854
244 719 734 786 939 984
11 306 493 696 743 773
165 276 555 746 905 958
128 438 458 527 621 972
41 112 158 191 260 577
132 225 396 497 590 1002
239 365 407 478 600 924
6 510 573 654 777 826
16 93 274 301 802 967
21 142 155 295 317 766
451 681 714 916 932 993
393 455 539 591 849 901
273 298 322 588 650 662
101 180 278 358 516 994
28 118 711 866 903 934
359 437 627 863 865 873
25 36 81 141 382 789
167 315 676 753 817 872
88 223 256 336 362 483
29 66 161 447 581 634
8 139 282 381 535 685
78 375 453 519 818 824
7 14 159 368 452 717
147 151 269 279 310 639
241 395 403 675 878 890
111 198 264 549 615 979
55 75 150 680 788 811
15 252 343 515 598 891
135 443 622 814 834 983
90 294 340 504 605 825
143 293 326 400 762 952
116 152 406 528 534 831
124 177 484 544 765 864
364 472 513 799 877 902
210 460 560 661 775 908
123 176 189 589 640 860
46 327 436 602 733 838
263 373 660 836 889 1000
394 523 569 584 651 797
470 787 795 851 871 991
31 196 250 439 477 827
230 399 465 644 677 682
201 233 259 321 776 940
89 175 226 297 592 906
33 49 449 505 671 941
246 543 616 767 841 899
87 338 372 380 610 893
138 179 673 721 813 822
17 94 499 526 845 955
203 309 377 790 936 953
347 367 695 715 928 965
47 98 537 582 754 807
220 344 586 658 712 722
34 491 708 771 796 846
255 281 319 557 880 911
187 369 645 705 951 985
50 476 545 575 630 829
59 67 482 500 583 847
170 464 613 642 691 959
172 481 694 759 844 913
45 156 216 427 663 868
27 316 345 462 904 910
20 324 334 495 692 957
329 419 556 628 745 966
109 144 154 604 726 839
266 289 422 511 798 828
103 262 353 603 665 667
199 288 401 404 679 723
186 190 361 498 819 925
378 413 429 701 853 922
62 102 390 417 574 921
221 232 360 485 809 920
73 131 356 450 707 954
110 137 617 647 697 930
48 53 346 434 803 989
68 215 242 564 587 648
92 330 488 514 646 945
272 320 388 643 769 919
121 148 418 688 792 815
12 126 656 678 761 843
214 492 742 794 917 950
70 475 506 536 606 729
224 337 416 490 532 739
127 206 231 249 286 446
106 240 568 608 882 943
328 408 524 551 693 755
197 222 268 496 947 956
486 562 653 689 709 781
234 271 402 704 874 900
32 386 461 629 852 918
299 313 335 502 618 764
107 229 432 641 702 976
24 38 251 311 552 657
183 283 303 445 623 768
82 91 166 430 720 914
84 352 554 710 783 832
209 383 405 421 576 837
44 54 480 546 859 869
5 149 339 960 981 992
217 228 238 350 444 751
13 129 247 349 397 896
204 379 842 937 973 987
119 211 471 561 611 756
134 463 632 666 808 949
219 308 579 684 744 1001
42 96 236 257 700 931
22 467 687 772 782 875
39 113 205 563 619 867
174 280 312 441 479 933
2 77 578 683 897 944
302 454 466 570 812 999
146 168 442 520 533 571
192 456 741 835 978 998
37 181 366 558 624 633
122 243 277 512 821 881
290 435 529 690 793 988
65 97 120 625 894 975
291 307 374 457 597 801
74 163 254 285 553 833
193 473 538 728 758 961
85 318 596 942 963 982
1 140 164 304 469 895
52 60 63 355 580 655
18 35 76 731 747 980
117 248 351 888 977 997
178 182 284 433 716 738
51 431 649 785 791 862
9 61 108 265 354 820
392 424 599 674 855 946
